-----
Rok0 = 9.051965e-004
Tk0  = 9.682976
Rok1 = 2.999437e-003
Tk1  = 9.567778
Rok2 = 2.809616e-008
Tk2  = 179.803204
T    = 9.992266
M    = 4.852966e-007
